0000000000000001 0000000000000000 000000000000000F 0000000000000008
0000000000000001 0000000000000002 0000000000000000 0000000000000006
0000000000000002 0000000000000000 0000000000000004 0000000000001000
0000000000000002 0000000000000002 0000000000000000 000000000000000C
0000000000000003 0000000000000000 0000000000000004 0000000000000FF8
0000000000000003 0000000000000002 0000000000000000 000000000000000E
0000000000000004 0000000000000000 0000000000000004 0000000000000FF0
0000000000000004 0000000000000001 0000000000000FF0 0000000000000013
0000000000000004 0000000000000002 0000000000000000 0000000000000014
0000000000000005 0000000000000000 0000000000000007 0000000000001008
0000000000000005 0000000000000002 0000000000000000 000000000000001A
0000000000000006 0000000000000000 0000000000000002 0000000000000000
0000000000000006 0000000000000002 0000000000000000 0000000000000020
0000000000000007 0000000000000000 0000000000000002 0000000000001008
0000000000000007 0000000000000002 0000000000000000 0000000000000022
0000000000000008 0000000000000000 000000000000000D 0000000000000000
0000000000000008 0000000000000002 0000000000000000 0000000000000028
0000000000000009 0000000000000000 0000000000000001 000000000000000A
0000000000000009 0000000000000002 0000000000000000 000000000000002E
000000000000000A 0000000000000000 0000000000000001 0000000000000050
000000000000000A 0000000000000002 0000000000000000 0000000000000030
000000000000000B 0000000000000000 0000000000000001 0000000000000048
000000000000000B 0000000000000002 0000000000000000 0000000000000032
000000000000000C 0000000000000000 0000000000000001 0000000000001050
000000000000000C 0000000000000002 0000000000000000 0000000000000034
000000000000000D 0000000000000000 000000000000000C 0000000000001050
000000000000000D 0000000000000002 0000000000000000 0000000000000036
000000000000000E 0000000000000000 0000000000000004 0000000000000FE8
000000000000000E 0000000000000001 0000000000000FE8 000000000000003B
000000000000000E 0000000000000002 0000000000000000 0000000000000041
000000000000000F 0000000000000002 0000000000000000 0000000000000043
0000000000000010 0000000000000002 0000000000000000 0000000000000048
0000000000000011 0000000000000000 0000000000000004 0000000000000FE0
0000000000000011 0000000000000001 0000000000000FE0 000000000000004D
0000000000000011 0000000000000002 0000000000000000 0000000000000072
0000000000000012 0000000000000000 0000000000000008 0000000000001D88
0000000000000012 0000000000000002 0000000000000000 0000000000000078
0000000000000013 0000000000000000 0000000000000009 0000000000001008
0000000000000013 0000000000000002 0000000000000000 000000000000007A
0000000000000014 0000000000000000 0000000000000009 0000000000001000
0000000000000014 0000000000000002 0000000000000000 000000000000007C
0000000000000015 0000000000000000 000000000000000A 0000000000001000
0000000000000015 0000000000000002 0000000000000000 000000000000007E
0000000000000016 0000000000000000 000000000000000A 0000000000001008
0000000000000016 0000000000000002 0000000000000000 0000000000000080
0000000000000017 0000000000000002 0000000000000000 0000000000000082
0000000000000018 0000000000000002 0000000000000000 0000000000000087
0000000000000019 0000000000000000 0000000000000005 000000000000BB0C
0000000000000019 0000000000000002 0000000000000000 000000000000008D
000000000000001A 0000000000000002 0000000000000000 000000000000008F
000000000000001B 0000000000000002 0000000000000000 000000000000007E
000000000000001C 0000000000000000 000000000000000A 0000000000001010
000000000000001C 0000000000000002 0000000000000000 0000000000000080
000000000000001D 0000000000000002 0000000000000000 0000000000000082
000000000000001E 0000000000000002 0000000000000000 0000000000000087
000000000000001F 0000000000000000 0000000000000005 000000000000E10B
000000000000001F 0000000000000002 0000000000000000 000000000000008D
0000000000000020 0000000000000002 0000000000000000 000000000000008F
0000000000000021 0000000000000002 0000000000000000 000000000000007E
0000000000000022 0000000000000000 000000000000000A 0000000000001018
0000000000000022 0000000000000002 0000000000000000 0000000000000080
0000000000000023 0000000000000002 0000000000000000 0000000000000082
0000000000000024 0000000000000002 0000000000000000 0000000000000087
0000000000000025 0000000000000000 0000000000000005 0000000000009201
0000000000000025 0000000000000002 0000000000000000 000000000000008D
0000000000000026 0000000000000002 0000000000000000 000000000000008F
0000000000000027 0000000000000002 0000000000000000 000000000000007E
0000000000000028 0000000000000000 000000000000000A 0000000000001020
0000000000000028 0000000000000002 0000000000000000 0000000000000080
0000000000000029 0000000000000002 0000000000000000 0000000000000082
000000000000002A 0000000000000002 0000000000000000 0000000000000087
000000000000002B 0000000000000000 0000000000000005 0000000000004BAD
000000000000002B 0000000000000002 0000000000000000 000000000000008D
000000000000002C 0000000000000002 0000000000000000 000000000000008F
000000000000002D 0000000000000002 0000000000000000 000000000000007E
000000000000002E 0000000000000000 000000000000000A 0000000000001028
000000000000002E 0000000000000002 0000000000000000 0000000000000080
000000000000002F 0000000000000002 0000000000000000 0000000000000082
0000000000000030 0000000000000002 0000000000000000 0000000000000087
0000000000000031 0000000000000000 0000000000000005 000000000000700A
0000000000000031 0000000000000002 0000000000000000 000000000000008D
0000000000000032 0000000000000002 0000000000000000 000000000000008F
0000000000000033 0000000000000002 0000000000000000 000000000000007E
0000000000000034 0000000000000000 000000000000000A 0000000000001030
0000000000000034 0000000000000002 0000000000000000 0000000000000080
0000000000000035 0000000000000002 0000000000000000 0000000000000082
0000000000000036 0000000000000002 0000000000000000 0000000000000087
0000000000000037 0000000000000000 0000000000000005 000000000000F7FC
0000000000000037 0000000000000002 0000000000000000 000000000000008D
0000000000000038 0000000000000002 0000000000000000 000000000000008F
0000000000000039 0000000000000002 0000000000000000 000000000000007E
000000000000003A 0000000000000000 000000000000000A 0000000000001038
000000000000003A 0000000000000002 0000000000000000 0000000000000080
000000000000003B 0000000000000002 0000000000000000 0000000000000082
000000000000003C 0000000000000002 0000000000000000 0000000000000087
000000000000003D 0000000000000000 0000000000000005 0000000000001331
000000000000003D 0000000000000002 0000000000000000 000000000000008D
000000000000003E 0000000000000002 0000000000000000 000000000000008F
000000000000003F 0000000000000002 0000000000000000 0000000000000094
0000000000000040 0000000000000000 0000000000000009 0000000000001008
0000000000000040 0000000000000002 0000000000000000 0000000000000096
0000000000000041 0000000000000000 000000000000000B 0000000000001331
0000000000000041 0000000000000002 0000000000000000 000000000000009C
0000000000000042 0000000000000000 000000000000000E 000000000000BB0C
0000000000000042 0000000000000002 0000000000000000 00000000000000A2
0000000000000043 0000000000000001 0000000000001038 000000000000BB0C
0000000000000043 0000000000000002 0000000000000000 00000000000000A8
0000000000000044 0000000000000001 0000000000001008 0000000000001331
0000000000000044 0000000000000002 0000000000000000 00000000000000AE
0000000000000045 0000000000000002 0000000000000000 000000000000007E
0000000000000046 0000000000000000 000000000000000A 0000000000001040
0000000000000046 0000000000000002 0000000000000000 0000000000000080
0000000000000047 0000000000000002 0000000000000000 0000000000000082
0000000000000048 0000000000000002 0000000000000000 0000000000000087
0000000000000049 0000000000000000 0000000000000005 0000000000003D79
0000000000000049 0000000000000002 0000000000000000 000000000000008D
000000000000004A 0000000000000002 0000000000000000 000000000000008F
000000000000004B 0000000000000002 0000000000000000 000000000000007E
000000000000004C 0000000000000000 000000000000000A 0000000000001048
000000000000004C 0000000000000002 0000000000000000 0000000000000080
000000000000004D 0000000000000002 0000000000000000 0000000000000082
000000000000004E 0000000000000002 0000000000000000 0000000000000087
000000000000004F 0000000000000000 0000000000000005 0000000000006515
000000000000004F 0000000000000002 0000000000000000 000000000000008D
0000000000000050 0000000000000002 0000000000000000 000000000000008F
0000000000000051 0000000000000002 0000000000000000 000000000000007E
0000000000000052 0000000000000000 000000000000000A 0000000000001050
0000000000000052 0000000000000002 0000000000000000 0000000000000080
0000000000000053 0000000000000002 0000000000000000 0000000000000082
0000000000000054 0000000000000002 0000000000000000 00000000000000B3
0000000000000055 0000000000000000 0000000000000009 0000000000001010
0000000000000055 0000000000000002 0000000000000000 00000000000000B5
0000000000000056 0000000000000000 0000000000000005 000000000000E10B
0000000000000056 0000000000000002 0000000000000000 00000000000000BB
0000000000000057 0000000000000002 0000000000000000 00000000000000BD
0000000000000058 0000000000000002 0000000000000000 00000000000000C2
0000000000000059 0000000000000000 000000000000000B 0000000000001D88
0000000000000059 0000000000000002 0000000000000000 00000000000000C8
000000000000005A 0000000000000000 000000000000000E 000000000000E10B
000000000000005A 0000000000000002 0000000000000000 00000000000000CE
000000000000005B 0000000000000001 0000000000001050 000000000000E10B
000000000000005B 0000000000000002 0000000000000000 00000000000000D4
000000000000005C 0000000000000001 0000000000001010 0000000000001D88
000000000000005C 0000000000000002 0000000000000000 00000000000000DA
000000000000005D 0000000000000000 0000000000000000 0000000000001010
000000000000005D 0000000000000002 0000000000000000 00000000000000DC
000000000000005E 0000000000000000 0000000000000004 0000000000000FE8
000000000000005E 0000000000000002 0000000000000000 000000000000004D
000000000000005F 0000000000000000 0000000000000004 0000000000000FE0
000000000000005F 0000000000000001 0000000000000FE0 0000000000001050
000000000000005F 0000000000000002 0000000000000000 000000000000004F
0000000000000060 0000000000000000 0000000000000004 0000000000000FD8
0000000000000060 0000000000000001 0000000000000FD8 0000000000001008
0000000000000060 0000000000000002 0000000000000000 0000000000000051
0000000000000061 0000000000000000 0000000000000009 0000000000001010
0000000000000061 0000000000000002 0000000000000000 0000000000000053
0000000000000062 0000000000000000 0000000000000001 0000000000001010
0000000000000062 0000000000000002 0000000000000000 0000000000000055
0000000000000063 0000000000000000 0000000000000001 0000000000001008
0000000000000063 0000000000000002 0000000000000000 0000000000000057
0000000000000064 0000000000000000 0000000000000004 0000000000000FD0
0000000000000064 0000000000000001 0000000000000FD0 000000000000005C
0000000000000064 0000000000000002 0000000000000000 0000000000000041
0000000000000065 0000000000000002 0000000000000000 0000000000000043
0000000000000066 0000000000000002 0000000000000000 0000000000000071
0000000000000067 0000000000000000 0000000000000004 0000000000000FD8
0000000000000067 0000000000000002 0000000000000000 000000000000005C
0000000000000068 0000000000000000 0000000000000004 0000000000000FE0
0000000000000068 0000000000000000 0000000000000002 0000000000001008
0000000000000068 0000000000000002 0000000000000000 000000000000005E
0000000000000069 0000000000000000 0000000000000004 0000000000000FE8
0000000000000069 0000000000000000 0000000000000001 0000000000001050
0000000000000069 0000000000000002 0000000000000000 0000000000000060
000000000000006A 0000000000000000 0000000000000004 0000000000000FE0
000000000000006A 0000000000000001 0000000000000FE0 0000000000001050
000000000000006A 0000000000000002 0000000000000000 0000000000000062
000000000000006B 0000000000000000 0000000000000004 0000000000000FD8
000000000000006B 0000000000000001 0000000000000FD8 0000000000001008
000000000000006B 0000000000000002 0000000000000000 0000000000000064
000000000000006C 0000000000000000 0000000000000002 0000000000001010
000000000000006C 0000000000000002 0000000000000000 0000000000000066
000000000000006D 0000000000000000 0000000000000002 0000000000001018
000000000000006D 0000000000000002 0000000000000000 0000000000000068
000000000000006E 0000000000000000 0000000000000004 0000000000000FD0
000000000000006E 0000000000000001 0000000000000FD0 000000000000006D
000000000000006E 0000000000000002 0000000000000000 0000000000000041
000000000000006F 0000000000000002 0000000000000000 0000000000000043
0000000000000070 0000000000000002 0000000000000000 0000000000000048
0000000000000071 0000000000000000 0000000000000004 0000000000000FC8
0000000000000071 0000000000000001 0000000000000FC8 000000000000004D
0000000000000071 0000000000000002 0000000000000000 0000000000000072
0000000000000072 0000000000000000 0000000000000008 000000000000E10B
0000000000000072 0000000000000002 0000000000000000 0000000000000078
0000000000000073 0000000000000000 0000000000000009 0000000000001018
0000000000000073 0000000000000002 0000000000000000 000000000000007A
0000000000000074 0000000000000000 0000000000000009 0000000000001010
0000000000000074 0000000000000002 0000000000000000 000000000000007C
0000000000000075 0000000000000000 000000000000000A 0000000000001010
0000000000000075 0000000000000002 0000000000000000 000000000000007E
0000000000000076 0000000000000000 000000000000000A 0000000000001018
0000000000000076 0000000000000002 0000000000000000 0000000000000080
0000000000000077 0000000000000002 0000000000000000 0000000000000082
0000000000000078 0000000000000002 0000000000000000 0000000000000087
0000000000000079 0000000000000000 0000000000000005 0000000000009201
0000000000000079 0000000000000002 0000000000000000 000000000000008D
000000000000007A 0000000000000002 0000000000000000 000000000000008F
000000000000007B 0000000000000002 0000000000000000 0000000000000094
000000000000007C 0000000000000000 0000000000000009 0000000000001018
000000000000007C 0000000000000002 0000000000000000 0000000000000096
000000000000007D 0000000000000000 000000000000000B 0000000000009201
000000000000007D 0000000000000002 0000000000000000 000000000000009C
000000000000007E 0000000000000000 000000000000000E 0000000000009201
000000000000007E 0000000000000002 0000000000000000 00000000000000A2
000000000000007F 0000000000000001 0000000000001018 0000000000009201
000000000000007F 0000000000000002 0000000000000000 00000000000000A8
0000000000000080 0000000000000001 0000000000001018 0000000000009201
0000000000000080 0000000000000002 0000000000000000 00000000000000AE
0000000000000081 0000000000000002 0000000000000000 000000000000007E
0000000000000082 0000000000000000 000000000000000A 0000000000001020
0000000000000082 0000000000000002 0000000000000000 0000000000000080
0000000000000083 0000000000000002 0000000000000000 0000000000000082
0000000000000084 0000000000000002 0000000000000000 0000000000000087
0000000000000085 0000000000000000 0000000000000005 0000000000004BAD
0000000000000085 0000000000000002 0000000000000000 000000000000008D
0000000000000086 0000000000000002 0000000000000000 000000000000008F
0000000000000087 0000000000000002 0000000000000000 0000000000000094
0000000000000088 0000000000000000 0000000000000009 0000000000001020
0000000000000088 0000000000000002 0000000000000000 0000000000000096
0000000000000089 0000000000000000 000000000000000B 0000000000004BAD
0000000000000089 0000000000000002 0000000000000000 000000000000009C
000000000000008A 0000000000000000 000000000000000E 0000000000004BAD
000000000000008A 0000000000000002 0000000000000000 00000000000000A2
000000000000008B 0000000000000001 0000000000001020 0000000000004BAD
000000000000008B 0000000000000002 0000000000000000 00000000000000A8
000000000000008C 0000000000000001 0000000000001020 0000000000004BAD
000000000000008C 0000000000000002 0000000000000000 00000000000000AE
000000000000008D 0000000000000002 0000000000000000 000000000000007E
000000000000008E 0000000000000000 000000000000000A 0000000000001028
000000000000008E 0000000000000002 0000000000000000 0000000000000080
000000000000008F 0000000000000002 0000000000000000 0000000000000082
0000000000000090 0000000000000002 0000000000000000 0000000000000087
0000000000000091 0000000000000000 0000000000000005 000000000000700A
0000000000000091 0000000000000002 0000000000000000 000000000000008D
0000000000000092 0000000000000002 0000000000000000 000000000000008F
0000000000000093 0000000000000002 0000000000000000 0000000000000094
0000000000000094 0000000000000000 0000000000000009 0000000000001028
0000000000000094 0000000000000002 0000000000000000 0000000000000096
0000000000000095 0000000000000000 000000000000000B 000000000000700A
0000000000000095 0000000000000002 0000000000000000 000000000000009C
0000000000000096 0000000000000000 000000000000000E 000000000000700A
0000000000000096 0000000000000002 0000000000000000 00000000000000A2
0000000000000097 0000000000000001 0000000000001028 000000000000700A
0000000000000097 0000000000000002 0000000000000000 00000000000000A8
0000000000000098 0000000000000001 0000000000001028 000000000000700A
0000000000000098 0000000000000002 0000000000000000 00000000000000AE
0000000000000099 0000000000000002 0000000000000000 000000000000007E
000000000000009A 0000000000000000 000000000000000A 0000000000001030
000000000000009A 0000000000000002 0000000000000000 0000000000000080
000000000000009B 0000000000000002 0000000000000000 0000000000000082
000000000000009C 0000000000000002 0000000000000000 0000000000000087
000000000000009D 0000000000000000 0000000000000005 000000000000F7FC
000000000000009D 0000000000000002 0000000000000000 000000000000008D
000000000000009E 0000000000000002 0000000000000000 000000000000008F
000000000000009F 0000000000000002 0000000000000000 000000000000007E
00000000000000A0 0000000000000000 000000000000000A 0000000000001038
00000000000000A0 0000000000000002 0000000000000000 0000000000000080
00000000000000A1 0000000000000002 0000000000000000 0000000000000082
00000000000000A2 0000000000000002 0000000000000000 0000000000000087
00000000000000A3 0000000000000000 0000000000000005 000000000000BB0C
00000000000000A3 0000000000000002 0000000000000000 000000000000008D
00000000000000A4 0000000000000002 0000000000000000 000000000000008F
00000000000000A5 0000000000000002 0000000000000000 0000000000000094
00000000000000A6 0000000000000000 0000000000000009 0000000000001030
00000000000000A6 0000000000000002 0000000000000000 0000000000000096
00000000000000A7 0000000000000000 000000000000000B 000000000000BB0C
00000000000000A7 0000000000000002 0000000000000000 000000000000009C
00000000000000A8 0000000000000000 000000000000000E 000000000000F7FC
00000000000000A8 0000000000000002 0000000000000000 00000000000000A2
00000000000000A9 0000000000000001 0000000000001038 000000000000F7FC
00000000000000A9 0000000000000002 0000000000000000 00000000000000A8
00000000000000AA 0000000000000001 0000000000001030 000000000000BB0C
00000000000000AA 0000000000000002 0000000000000000 00000000000000AE
00000000000000AB 0000000000000002 0000000000000000 000000000000007E
00000000000000AC 0000000000000000 000000000000000A 0000000000001040
00000000000000AC 0000000000000002 0000000000000000 0000000000000080
00000000000000AD 0000000000000002 0000000000000000 0000000000000082
00000000000000AE 0000000000000002 0000000000000000 0000000000000087
00000000000000AF 0000000000000000 0000000000000005 0000000000003D79
00000000000000AF 0000000000000002 0000000000000000 000000000000008D
00000000000000B0 0000000000000002 0000000000000000 000000000000008F
00000000000000B1 0000000000000002 0000000000000000 0000000000000094
00000000000000B2 0000000000000000 0000000000000009 0000000000001038
00000000000000B2 0000000000000002 0000000000000000 0000000000000096
00000000000000B3 0000000000000000 000000000000000B 0000000000003D79
00000000000000B3 0000000000000002 0000000000000000 000000000000009C
00000000000000B4 0000000000000000 000000000000000E 000000000000F7FC
00000000000000B4 0000000000000002 0000000000000000 00000000000000A2
00000000000000B5 0000000000000001 0000000000001040 000000000000F7FC
00000000000000B5 0000000000000002 0000000000000000 00000000000000A8
00000000000000B6 0000000000000001 0000000000001038 0000000000003D79
00000000000000B6 0000000000000002 0000000000000000 00000000000000AE
00000000000000B7 0000000000000002 0000000000000000 000000000000007E
00000000000000B8 0000000000000000 000000000000000A 0000000000001048
00000000000000B8 0000000000000002 0000000000000000 0000000000000080
00000000000000B9 0000000000000002 0000000000000000 0000000000000082
00000000000000BA 0000000000000002 0000000000000000 0000000000000087
00000000000000BB 0000000000000000 0000000000000005 0000000000006515
00000000000000BB 0000000000000002 0000000000000000 000000000000008D
00000000000000BC 0000000000000002 0000000000000000 000000000000008F
00000000000000BD 0000000000000002 0000000000000000 0000000000000094
00000000000000BE 0000000000000000 0000000000000009 0000000000001040
00000000000000BE 0000000000000002 0000000000000000 0000000000000096
00000000000000BF 0000000000000000 000000000000000B 0000000000006515
00000000000000BF 0000000000000002 0000000000000000 000000000000009C
00000000000000C0 0000000000000000 000000000000000E 000000000000F7FC
00000000000000C0 0000000000000002 0000000000000000 00000000000000A2
00000000000000C1 0000000000000001 0000000000001048 000000000000F7FC
00000000000000C1 0000000000000002 0000000000000000 00000000000000A8
00000000000000C2 0000000000000001 0000000000001040 0000000000006515
00000000000000C2 0000000000000002 0000000000000000 00000000000000AE
00000000000000C3 0000000000000002 0000000000000000 000000000000007E
00000000000000C4 0000000000000000 000000000000000A 0000000000001050
00000000000000C4 0000000000000002 0000000000000000 0000000000000080
00000000000000C5 0000000000000002 0000000000000000 0000000000000082
00000000000000C6 0000000000000002 0000000000000000 00000000000000B3
00000000000000C7 0000000000000000 0000000000000009 0000000000001048
00000000000000C7 0000000000000002 0000000000000000 00000000000000B5
00000000000000C8 0000000000000000 0000000000000005 000000000000F7FC
00000000000000C8 0000000000000002 0000000000000000 00000000000000BB
00000000000000C9 0000000000000002 0000000000000000 00000000000000BD
00000000000000CA 0000000000000002 0000000000000000 00000000000000C2
00000000000000CB 0000000000000000 000000000000000B 000000000000E10B
00000000000000CB 0000000000000002 0000000000000000 00000000000000C8
00000000000000CC 0000000000000000 000000000000000E 000000000000F7FC
00000000000000CC 0000000000000002 0000000000000000 00000000000000CE
00000000000000CD 0000000000000001 0000000000001050 000000000000F7FC
00000000000000CD 0000000000000002 0000000000000000 00000000000000D4
00000000000000CE 0000000000000001 0000000000001048 000000000000E10B
00000000000000CE 0000000000000002 0000000000000000 00000000000000DA
00000000000000CF 0000000000000000 0000000000000000 0000000000001048
00000000000000CF 0000000000000002 0000000000000000 00000000000000DC
00000000000000D0 0000000000000000 0000000000000004 0000000000000FD0
00000000000000D0 0000000000000002 0000000000000000 000000000000004D
00000000000000D1 0000000000000000 0000000000000004 0000000000000FC8
00000000000000D1 0000000000000001 0000000000000FC8 0000000000001050
00000000000000D1 0000000000000002 0000000000000000 000000000000004F
00000000000000D2 0000000000000000 0000000000000004 0000000000000FC0
00000000000000D2 0000000000000001 0000000000000FC0 0000000000001018
00000000000000D2 0000000000000002 0000000000000000 0000000000000051
00000000000000D3 0000000000000000 0000000000000009 0000000000001048
00000000000000D3 0000000000000002 0000000000000000 0000000000000053
00000000000000D4 0000000000000000 0000000000000001 0000000000001048
00000000000000D4 0000000000000002 0000000000000000 0000000000000055
00000000000000D5 0000000000000000 0000000000000001 0000000000001040
00000000000000D5 0000000000000002 0000000000000000 0000000000000057
00000000000000D6 0000000000000000 0000000000000004 0000000000000FB8
00000000000000D6 0000000000000001 0000000000000FB8 000000000000005C
00000000000000D6 0000000000000002 0000000000000000 0000000000000041
00000000000000D7 0000000000000002 0000000000000000 0000000000000043
00000000000000D8 0000000000000002 0000000000000000 0000000000000048
00000000000000D9 0000000000000000 0000000000000004 0000000000000FB0
00000000000000D9 0000000000000001 0000000000000FB0 000000000000004D
00000000000000D9 0000000000000002 0000000000000000 0000000000000072
00000000000000DA 0000000000000000 0000000000000008 0000000000006515
00000000000000DA 0000000000000002 0000000000000000 0000000000000078
00000000000000DB 0000000000000000 0000000000000009 0000000000001018
00000000000000DB 0000000000000002 0000000000000000 000000000000007A
00000000000000DC 0000000000000000 0000000000000009 0000000000001010
00000000000000DC 0000000000000002 0000000000000000 000000000000007C
00000000000000DD 0000000000000000 000000000000000A 0000000000001010
00000000000000DD 0000000000000002 0000000000000000 000000000000007E
00000000000000DE 0000000000000000 000000000000000A 0000000000001018
00000000000000DE 0000000000000002 0000000000000000 0000000000000080
00000000000000DF 0000000000000002 0000000000000000 0000000000000082
00000000000000E0 0000000000000002 0000000000000000 0000000000000087
00000000000000E1 0000000000000000 0000000000000005 0000000000009201
00000000000000E1 0000000000000002 0000000000000000 000000000000008D
00000000000000E2 0000000000000002 0000000000000000 000000000000008F
00000000000000E3 0000000000000002 0000000000000000 000000000000007E
00000000000000E4 0000000000000000 000000000000000A 0000000000001020
00000000000000E4 0000000000000002 0000000000000000 0000000000000080
00000000000000E5 0000000000000002 0000000000000000 0000000000000082
00000000000000E6 0000000000000002 0000000000000000 0000000000000087
00000000000000E7 0000000000000000 0000000000000005 0000000000004BAD
00000000000000E7 0000000000000002 0000000000000000 000000000000008D
00000000000000E8 0000000000000002 0000000000000000 000000000000008F
00000000000000E9 0000000000000002 0000000000000000 0000000000000094
00000000000000EA 0000000000000000 0000000000000009 0000000000001018
00000000000000EA 0000000000000002 0000000000000000 0000000000000096
00000000000000EB 0000000000000000 000000000000000B 0000000000004BAD
00000000000000EB 0000000000000002 0000000000000000 000000000000009C
00000000000000EC 0000000000000000 000000000000000E 0000000000009201
00000000000000EC 0000000000000002 0000000000000000 00000000000000A2
00000000000000ED 0000000000000001 0000000000001020 0000000000009201
00000000000000ED 0000000000000002 0000000000000000 00000000000000A8
00000000000000EE 0000000000000001 0000000000001018 0000000000004BAD
00000000000000EE 0000000000000002 0000000000000000 00000000000000AE
00000000000000EF 0000000000000002 0000000000000000 000000000000007E
00000000000000F0 0000000000000000 000000000000000A 0000000000001028
00000000000000F0 0000000000000002 0000000000000000 0000000000000080
00000000000000F1 0000000000000002 0000000000000000 0000000000000082
00000000000000F2 0000000000000002 0000000000000000 0000000000000087
00000000000000F3 0000000000000000 0000000000000005 000000000000700A
00000000000000F3 0000000000000002 0000000000000000 000000000000008D
00000000000000F4 0000000000000002 0000000000000000 000000000000008F
00000000000000F5 0000000000000002 0000000000000000 000000000000007E
00000000000000F6 0000000000000000 000000000000000A 0000000000001030
00000000000000F6 0000000000000002 0000000000000000 0000000000000080
00000000000000F7 0000000000000002 0000000000000000 0000000000000082
00000000000000F8 0000000000000002 0000000000000000 0000000000000087
00000000000000F9 0000000000000000 0000000000000005 000000000000BB0C
00000000000000F9 0000000000000002 0000000000000000 000000000000008D
00000000000000FA 0000000000000002 0000000000000000 000000000000008F
00000000000000FB 0000000000000002 0000000000000000 000000000000007E
00000000000000FC 0000000000000000 000000000000000A 0000000000001038
00000000000000FC 0000000000000002 0000000000000000 0000000000000080
00000000000000FD 0000000000000002 0000000000000000 0000000000000082
00000000000000FE 0000000000000002 0000000000000000 0000000000000087
00000000000000FF 0000000000000000 0000000000000005 0000000000003D79
00000000000000FF 0000000000000002 0000000000000000 000000000000008D
0000000000000100 0000000000000002 0000000000000000 000000000000008F
0000000000000101 0000000000000002 0000000000000000 0000000000000094
0000000000000102 0000000000000000 0000000000000009 0000000000001020
0000000000000102 0000000000000002 0000000000000000 0000000000000096
0000000000000103 0000000000000000 000000000000000B 0000000000003D79
0000000000000103 0000000000000002 0000000000000000 000000000000009C
0000000000000104 0000000000000000 000000000000000E 0000000000009201
0000000000000104 0000000000000002 0000000000000000 00000000000000A2
0000000000000105 0000000000000001 0000000000001038 0000000000009201
0000000000000105 0000000000000002 0000000000000000 00000000000000A8
0000000000000106 0000000000000001 0000000000001020 0000000000003D79
0000000000000106 0000000000000002 0000000000000000 00000000000000AE
0000000000000107 0000000000000002 0000000000000000 000000000000007E
0000000000000108 0000000000000000 000000000000000A 0000000000001040
0000000000000108 0000000000000002 0000000000000000 0000000000000080
0000000000000109 0000000000000002 0000000000000000 0000000000000082
000000000000010A 0000000000000002 0000000000000000 00000000000000B3
000000000000010B 0000000000000000 0000000000000009 0000000000001028
000000000000010B 0000000000000002 0000000000000000 00000000000000B5
000000000000010C 0000000000000000 0000000000000005 000000000000700A
000000000000010C 0000000000000002 0000000000000000 00000000000000BB
000000000000010D 0000000000000002 0000000000000000 00000000000000BD
000000000000010E 0000000000000002 0000000000000000 00000000000000C2
000000000000010F 0000000000000000 000000000000000B 0000000000006515
000000000000010F 0000000000000002 0000000000000000 00000000000000C8
0000000000000110 0000000000000000 000000000000000E 000000000000700A
0000000000000110 0000000000000002 0000000000000000 00000000000000CE
0000000000000111 0000000000000001 0000000000001040 000000000000700A
0000000000000111 0000000000000002 0000000000000000 00000000000000D4
0000000000000112 0000000000000001 0000000000001028 0000000000006515
0000000000000112 0000000000000002 0000000000000000 00000000000000DA
0000000000000113 0000000000000000 0000000000000000 0000000000001028
0000000000000113 0000000000000002 0000000000000000 00000000000000DC
0000000000000114 0000000000000000 0000000000000004 0000000000000FB8
0000000000000114 0000000000000002 0000000000000000 000000000000004D
0000000000000115 0000000000000000 0000000000000004 0000000000000FB0
0000000000000115 0000000000000001 0000000000000FB0 0000000000001040
0000000000000115 0000000000000002 0000000000000000 000000000000004F
0000000000000116 0000000000000000 0000000000000004 0000000000000FA8
0000000000000116 0000000000000001 0000000000000FA8 0000000000001018
0000000000000116 0000000000000002 0000000000000000 0000000000000051
0000000000000117 0000000000000000 0000000000000009 0000000000001028
0000000000000117 0000000000000002 0000000000000000 0000000000000053
0000000000000118 0000000000000000 0000000000000001 0000000000001028
0000000000000118 0000000000000002 0000000000000000 0000000000000055
0000000000000119 0000000000000000 0000000000000001 0000000000001020
0000000000000119 0000000000000002 0000000000000000 0000000000000057
000000000000011A 0000000000000000 0000000000000004 0000000000000FA0
000000000000011A 0000000000000001 0000000000000FA0 000000000000005C
000000000000011A 0000000000000002 0000000000000000 0000000000000041
000000000000011B 0000000000000002 0000000000000000 0000000000000043
000000000000011C 0000000000000002 0000000000000000 0000000000000048
000000000000011D 0000000000000000 0000000000000004 0000000000000F98
000000000000011D 0000000000000001 0000000000000F98 000000000000004D
000000000000011D 0000000000000002 0000000000000000 0000000000000072
000000000000011E 0000000000000000 0000000000000008 0000000000003D79
000000000000011E 0000000000000002 0000000000000000 0000000000000078
000000000000011F 0000000000000000 0000000000000009 0000000000001018
000000000000011F 0000000000000002 0000000000000000 000000000000007A
0000000000000120 0000000000000000 0000000000000009 0000000000001010
0000000000000120 0000000000000002 0000000000000000 000000000000007C
0000000000000121 0000000000000000 000000000000000A 0000000000001010
0000000000000121 0000000000000002 0000000000000000 000000000000007E
0000000000000122 0000000000000000 000000000000000A 0000000000001018
0000000000000122 0000000000000002 0000000000000000 0000000000000080
0000000000000123 0000000000000002 0000000000000000 0000000000000082
0000000000000124 0000000000000002 0000000000000000 0000000000000087
0000000000000125 0000000000000000 0000000000000005 0000000000004BAD
0000000000000125 0000000000000002 0000000000000000 000000000000008D
0000000000000126 0000000000000002 0000000000000000 000000000000008F
0000000000000127 0000000000000002 0000000000000000 000000000000007E
0000000000000128 0000000000000000 000000000000000A 0000000000001020
0000000000000128 0000000000000002 0000000000000000 0000000000000080
0000000000000129 0000000000000002 0000000000000000 0000000000000082
000000000000012A 0000000000000002 0000000000000000 00000000000000B3
000000000000012B 0000000000000000 0000000000000009 0000000000001018
000000000000012B 0000000000000002 0000000000000000 00000000000000B5
000000000000012C 0000000000000000 0000000000000005 0000000000004BAD
000000000000012C 0000000000000002 0000000000000000 00000000000000BB
000000000000012D 0000000000000002 0000000000000000 00000000000000BD
000000000000012E 0000000000000002 0000000000000000 00000000000000C2
000000000000012F 0000000000000000 000000000000000B 0000000000003D79
000000000000012F 0000000000000002 0000000000000000 00000000000000C8
0000000000000130 0000000000000000 000000000000000E 0000000000004BAD
0000000000000130 0000000000000002 0000000000000000 00000000000000CE
0000000000000131 0000000000000001 0000000000001020 0000000000004BAD
0000000000000131 0000000000000002 0000000000000000 00000000000000D4
0000000000000132 0000000000000001 0000000000001018 0000000000003D79
0000000000000132 0000000000000002 0000000000000000 00000000000000DA
0000000000000133 0000000000000000 0000000000000000 0000000000001018
0000000000000133 0000000000000002 0000000000000000 00000000000000DC
0000000000000134 0000000000000000 0000000000000004 0000000000000FA0
0000000000000134 0000000000000002 0000000000000000 000000000000004D
0000000000000135 0000000000000000 0000000000000004 0000000000000F98
0000000000000135 0000000000000001 0000000000000F98 0000000000001020
0000000000000135 0000000000000002 0000000000000000 000000000000004F
0000000000000136 0000000000000000 0000000000000004 0000000000000F90
0000000000000136 0000000000000001 0000000000000F90 0000000000001018
0000000000000136 0000000000000002 0000000000000000 0000000000000051
0000000000000137 0000000000000000 0000000000000009 0000000000001018
0000000000000137 0000000000000002 0000000000000000 0000000000000053
0000000000000138 0000000000000000 0000000000000001 0000000000001018
0000000000000138 0000000000000002 0000000000000000 0000000000000055
0000000000000139 0000000000000000 0000000000000001 0000000000001010
0000000000000139 0000000000000002 0000000000000000 0000000000000057
000000000000013A 0000000000000000 0000000000000004 0000000000000F88
000000000000013A 0000000000000001 0000000000000F88 000000000000005C
000000000000013A 0000000000000002 0000000000000000 0000000000000041
000000000000013B 0000000000000002 0000000000000000 0000000000000043
000000000000013C 0000000000000002 0000000000000000 0000000000000071
000000000000013D 0000000000000000 0000000000000004 0000000000000F90
000000000000013D 0000000000000002 0000000000000000 000000000000005C
000000000000013E 0000000000000000 0000000000000004 0000000000000F98
000000000000013E 0000000000000000 0000000000000002 0000000000001018
000000000000013E 0000000000000002 0000000000000000 000000000000005E
000000000000013F 0000000000000000 0000000000000004 0000000000000FA0
000000000000013F 0000000000000000 0000000000000001 0000000000001020
000000000000013F 0000000000000002 0000000000000000 0000000000000060
0000000000000140 0000000000000000 0000000000000004 0000000000000F98
0000000000000140 0000000000000001 0000000000000F98 0000000000001020
0000000000000140 0000000000000002 0000000000000000 0000000000000062
0000000000000141 0000000000000000 0000000000000004 0000000000000F90
0000000000000141 0000000000000001 0000000000000F90 0000000000001018
0000000000000141 0000000000000002 0000000000000000 0000000000000064
0000000000000142 0000000000000000 0000000000000002 0000000000001018
0000000000000142 0000000000000002 0000000000000000 0000000000000066
0000000000000143 0000000000000000 0000000000000002 0000000000001020
0000000000000143 0000000000000002 0000000000000000 0000000000000068
0000000000000144 0000000000000000 0000000000000004 0000000000000F88
0000000000000144 0000000000000001 0000000000000F88 000000000000006D
0000000000000144 0000000000000002 0000000000000000 0000000000000041
0000000000000145 0000000000000002 0000000000000000 0000000000000043
0000000000000146 0000000000000002 0000000000000000 0000000000000071
0000000000000147 0000000000000000 0000000000000004 0000000000000F90
0000000000000147 0000000000000002 0000000000000000 000000000000006D
0000000000000148 0000000000000000 0000000000000004 0000000000000F98
0000000000000148 0000000000000000 0000000000000002 0000000000001018
0000000000000148 0000000000000002 0000000000000000 000000000000006F
0000000000000149 0000000000000000 0000000000000004 0000000000000FA0
0000000000000149 0000000000000000 0000000000000001 0000000000001020
0000000000000149 0000000000000002 0000000000000000 0000000000000071
000000000000014A 0000000000000000 0000000000000004 0000000000000FA8
000000000000014A 0000000000000002 0000000000000000 000000000000005C
000000000000014B 0000000000000000 0000000000000004 0000000000000FB0
000000000000014B 0000000000000000 0000000000000002 0000000000001018
000000000000014B 0000000000000002 0000000000000000 000000000000005E
000000000000014C 0000000000000000 0000000000000004 0000000000000FB8
000000000000014C 0000000000000000 0000000000000001 0000000000001040
000000000000014C 0000000000000002 0000000000000000 0000000000000060
000000000000014D 0000000000000000 0000000000000004 0000000000000FB0
000000000000014D 0000000000000001 0000000000000FB0 0000000000001040
000000000000014D 0000000000000002 0000000000000000 0000000000000062
000000000000014E 0000000000000000 0000000000000004 0000000000000FA8
000000000000014E 0000000000000001 0000000000000FA8 0000000000001018
000000000000014E 0000000000000002 0000000000000000 0000000000000064
000000000000014F 0000000000000000 0000000000000002 0000000000001018
000000000000014F 0000000000000002 0000000000000000 0000000000000066
0000000000000150 0000000000000000 0000000000000002 0000000000001020
0000000000000150 0000000000000002 0000000000000000 0000000000000068
0000000000000151 0000000000000000 0000000000000004 0000000000000FA0
0000000000000151 0000000000000001 0000000000000FA0 000000000000006D
0000000000000151 0000000000000002 0000000000000000 0000000000000041
0000000000000152 0000000000000002 0000000000000000 0000000000000043
0000000000000153 0000000000000002 0000000000000000 0000000000000048
0000000000000154 0000000000000000 0000000000000004 0000000000000F98
0000000000000154 0000000000000001 0000000000000F98 000000000000004D
0000000000000154 0000000000000002 0000000000000000 0000000000000072
0000000000000155 0000000000000000 0000000000000008 000000000000700A
0000000000000155 0000000000000002 0000000000000000 0000000000000078
0000000000000156 0000000000000000 0000000000000009 0000000000001020
0000000000000156 0000000000000002 0000000000000000 000000000000007A
0000000000000157 0000000000000000 0000000000000009 0000000000001018
0000000000000157 0000000000000002 0000000000000000 000000000000007C
0000000000000158 0000000000000000 000000000000000A 0000000000001018
0000000000000158 0000000000000002 0000000000000000 000000000000007E
0000000000000159 0000000000000000 000000000000000A 0000000000001020
0000000000000159 0000000000000002 0000000000000000 0000000000000080
000000000000015A 0000000000000002 0000000000000000 0000000000000082
000000000000015B 0000000000000002 0000000000000000 0000000000000087
000000000000015C 0000000000000000 0000000000000005 0000000000004BAD
000000000000015C 0000000000000002 0000000000000000 000000000000008D
000000000000015D 0000000000000002 0000000000000000 000000000000008F
000000000000015E 0000000000000002 0000000000000000 0000000000000094
000000000000015F 0000000000000000 0000000000000009 0000000000001020
000000000000015F 0000000000000002 0000000000000000 0000000000000096
0000000000000160 0000000000000000 000000000000000B 0000000000004BAD
0000000000000160 0000000000000002 0000000000000000 000000000000009C
0000000000000161 0000000000000000 000000000000000E 0000000000004BAD
0000000000000161 0000000000000002 0000000000000000 00000000000000A2
0000000000000162 0000000000000001 0000000000001020 0000000000004BAD
0000000000000162 0000000000000002 0000000000000000 00000000000000A8
0000000000000163 0000000000000001 0000000000001020 0000000000004BAD
0000000000000163 0000000000000002 0000000000000000 00000000000000AE
0000000000000164 0000000000000002 0000000000000000 000000000000007E
0000000000000165 0000000000000000 000000000000000A 0000000000001028
0000000000000165 0000000000000002 0000000000000000 0000000000000080
0000000000000166 0000000000000002 0000000000000000 0000000000000082
0000000000000167 0000000000000002 0000000000000000 0000000000000087
0000000000000168 0000000000000000 0000000000000005 0000000000006515
0000000000000168 0000000000000002 0000000000000000 000000000000008D
0000000000000169 0000000000000002 0000000000000000 000000000000008F
000000000000016A 0000000000000002 0000000000000000 0000000000000094
000000000000016B 0000000000000000 0000000000000009 0000000000001028
000000000000016B 0000000000000002 0000000000000000 0000000000000096
000000000000016C 0000000000000000 000000000000000B 0000000000006515
000000000000016C 0000000000000002 0000000000000000 000000000000009C
000000000000016D 0000000000000000 000000000000000E 0000000000006515
000000000000016D 0000000000000002 0000000000000000 00000000000000A2
000000000000016E 0000000000000001 0000000000001028 0000000000006515
000000000000016E 0000000000000002 0000000000000000 00000000000000A8
000000000000016F 0000000000000001 0000000000001028 0000000000006515
000000000000016F 0000000000000002 0000000000000000 00000000000000AE
0000000000000170 0000000000000002 0000000000000000 000000000000007E
0000000000000171 0000000000000000 000000000000000A 0000000000001030
0000000000000171 0000000000000002 0000000000000000 0000000000000080
0000000000000172 0000000000000002 0000000000000000 0000000000000082
0000000000000173 0000000000000002 0000000000000000 0000000000000087
0000000000000174 0000000000000000 0000000000000005 000000000000BB0C
0000000000000174 0000000000000002 0000000000000000 000000000000008D
0000000000000175 0000000000000002 0000000000000000 000000000000008F
0000000000000176 0000000000000002 0000000000000000 000000000000007E
0000000000000177 0000000000000000 000000000000000A 0000000000001038
0000000000000177 0000000000000002 0000000000000000 0000000000000080
0000000000000178 0000000000000002 0000000000000000 0000000000000082
0000000000000179 0000000000000002 0000000000000000 0000000000000087
000000000000017A 0000000000000000 0000000000000005 0000000000009201
000000000000017A 0000000000000002 0000000000000000 000000000000008D
000000000000017B 0000000000000002 0000000000000000 000000000000008F
000000000000017C 0000000000000002 0000000000000000 000000000000007E
000000000000017D 0000000000000000 000000000000000A 0000000000001040
000000000000017D 0000000000000002 0000000000000000 0000000000000080
000000000000017E 0000000000000002 0000000000000000 0000000000000082
000000000000017F 0000000000000002 0000000000000000 00000000000000B3
0000000000000180 0000000000000000 0000000000000009 0000000000001030
0000000000000180 0000000000000002 0000000000000000 00000000000000B5
0000000000000181 0000000000000000 0000000000000005 000000000000BB0C
0000000000000181 0000000000000002 0000000000000000 00000000000000BB
0000000000000182 0000000000000002 0000000000000000 00000000000000BD
0000000000000183 0000000000000002 0000000000000000 00000000000000C2
0000000000000184 0000000000000000 000000000000000B 000000000000700A
0000000000000184 0000000000000002 0000000000000000 00000000000000C8
0000000000000185 0000000000000000 000000000000000E 000000000000BB0C
0000000000000185 0000000000000002 0000000000000000 00000000000000CE
0000000000000186 0000000000000001 0000000000001040 000000000000BB0C
0000000000000186 0000000000000002 0000000000000000 00000000000000D4
0000000000000187 0000000000000001 0000000000001030 000000000000700A
0000000000000187 0000000000000002 0000000000000000 00000000000000DA
0000000000000188 0000000000000000 0000000000000000 0000000000001030
0000000000000188 0000000000000002 0000000000000000 00000000000000DC
0000000000000189 0000000000000000 0000000000000004 0000000000000FA0
0000000000000189 0000000000000002 0000000000000000 000000000000004D
000000000000018A 0000000000000000 0000000000000004 0000000000000F98
000000000000018A 0000000000000001 0000000000000F98 0000000000001040
000000000000018A 0000000000000002 0000000000000000 000000000000004F
000000000000018B 0000000000000000 0000000000000004 0000000000000F90
000000000000018B 0000000000000001 0000000000000F90 0000000000001020
000000000000018B 0000000000000002 0000000000000000 0000000000000051
000000000000018C 0000000000000000 0000000000000009 0000000000001030
000000000000018C 0000000000000002 0000000000000000 0000000000000053
000000000000018D 0000000000000000 0000000000000001 0000000000001030
000000000000018D 0000000000000002 0000000000000000 0000000000000055
000000000000018E 0000000000000000 0000000000000001 0000000000001028
000000000000018E 0000000000000002 0000000000000000 0000000000000057
000000000000018F 0000000000000000 0000000000000004 0000000000000F88
000000000000018F 0000000000000001 0000000000000F88 000000000000005C
000000000000018F 0000000000000002 0000000000000000 0000000000000041
0000000000000190 0000000000000002 0000000000000000 0000000000000043
0000000000000191 0000000000000002 0000000000000000 0000000000000048
0000000000000192 0000000000000000 0000000000000004 0000000000000F80
0000000000000192 0000000000000001 0000000000000F80 000000000000004D
0000000000000192 0000000000000002 0000000000000000 0000000000000072
0000000000000193 0000000000000000 0000000000000008 0000000000006515
0000000000000193 0000000000000002 0000000000000000 0000000000000078
0000000000000194 0000000000000000 0000000000000009 0000000000001020
0000000000000194 0000000000000002 0000000000000000 000000000000007A
0000000000000195 0000000000000000 0000000000000009 0000000000001018
0000000000000195 0000000000000002 0000000000000000 000000000000007C
0000000000000196 0000000000000000 000000000000000A 0000000000001018
0000000000000196 0000000000000002 0000000000000000 000000000000007E
0000000000000197 0000000000000000 000000000000000A 0000000000001020
0000000000000197 0000000000000002 0000000000000000 0000000000000080
0000000000000198 0000000000000002 0000000000000000 0000000000000082
0000000000000199 0000000000000002 0000000000000000 0000000000000087
000000000000019A 0000000000000000 0000000000000005 0000000000004BAD
000000000000019A 0000000000000002 0000000000000000 000000000000008D
000000000000019B 0000000000000002 0000000000000000 000000000000008F
000000000000019C 0000000000000002 0000000000000000 0000000000000094
000000000000019D 0000000000000000 0000000000000009 0000000000001020
000000000000019D 0000000000000002 0000000000000000 0000000000000096
000000000000019E 0000000000000000 000000000000000B 0000000000004BAD
000000000000019E 0000000000000002 0000000000000000 000000000000009C
000000000000019F 0000000000000000 000000000000000E 0000000000004BAD
000000000000019F 0000000000000002 0000000000000000 00000000000000A2
00000000000001A0 0000000000000001 0000000000001020 0000000000004BAD
00000000000001A0 0000000000000002 0000000000000000 00000000000000A8
00000000000001A1 0000000000000001 0000000000001020 0000000000004BAD
00000000000001A1 0000000000000002 0000000000000000 00000000000000AE
00000000000001A2 0000000000000002 0000000000000000 000000000000007E
00000000000001A3 0000000000000000 000000000000000A 0000000000001028
00000000000001A3 0000000000000002 0000000000000000 0000000000000080
00000000000001A4 0000000000000002 0000000000000000 0000000000000082
00000000000001A5 0000000000000002 0000000000000000 00000000000000B3
00000000000001A6 0000000000000000 0000000000000009 0000000000001028
00000000000001A6 0000000000000002 0000000000000000 00000000000000B5
00000000000001A7 0000000000000000 0000000000000005 0000000000006515
00000000000001A7 0000000000000002 0000000000000000 00000000000000BB
00000000000001A8 0000000000000002 0000000000000000 00000000000000BD
00000000000001A9 0000000000000002 0000000000000000 00000000000000DA
00000000000001AA 0000000000000000 0000000000000000 0000000000001028
00000000000001AA 0000000000000002 0000000000000000 00000000000000DC
00000000000001AB 0000000000000000 0000000000000004 0000000000000F88
00000000000001AB 0000000000000002 0000000000000000 000000000000004D
00000000000001AC 0000000000000000 0000000000000004 0000000000000F80
00000000000001AC 0000000000000001 0000000000000F80 0000000000001028
00000000000001AC 0000000000000002 0000000000000000 000000000000004F
00000000000001AD 0000000000000000 0000000000000004 0000000000000F78
00000000000001AD 0000000000000001 0000000000000F78 0000000000001020
00000000000001AD 0000000000000002 0000000000000000 0000000000000051
00000000000001AE 0000000000000000 0000000000000009 0000000000001028
00000000000001AE 0000000000000002 0000000000000000 0000000000000053
00000000000001AF 0000000000000000 0000000000000001 0000000000001028
00000000000001AF 0000000000000002 0000000000000000 0000000000000055
00000000000001B0 0000000000000000 0000000000000001 0000000000001020
00000000000001B0 0000000000000002 0000000000000000 0000000000000057
00000000000001B1 0000000000000000 0000000000000004 0000000000000F70
00000000000001B1 0000000000000001 0000000000000F70 000000000000005C
00000000000001B1 0000000000000002 0000000000000000 0000000000000041
00000000000001B2 0000000000000002 0000000000000000 0000000000000043
00000000000001B3 0000000000000002 0000000000000000 0000000000000071
00000000000001B4 0000000000000000 0000000000000004 0000000000000F78
00000000000001B4 0000000000000002 0000000000000000 000000000000005C
00000000000001B5 0000000000000000 0000000000000004 0000000000000F80
00000000000001B5 0000000000000000 0000000000000002 0000000000001020
00000000000001B5 0000000000000002 0000000000000000 000000000000005E
00000000000001B6 0000000000000000 0000000000000004 0000000000000F88
00000000000001B6 0000000000000000 0000000000000001 0000000000001028
00000000000001B6 0000000000000002 0000000000000000 0000000000000060
00000000000001B7 0000000000000000 0000000000000004 0000000000000F80
00000000000001B7 0000000000000001 0000000000000F80 0000000000001028
00000000000001B7 0000000000000002 0000000000000000 0000000000000062
00000000000001B8 0000000000000000 0000000000000004 0000000000000F78
00000000000001B8 0000000000000001 0000000000000F78 0000000000001020
00000000000001B8 0000000000000002 0000000000000000 0000000000000064
00000000000001B9 0000000000000000 0000000000000002 0000000000001028
00000000000001B9 0000000000000002 0000000000000000 0000000000000066
00000000000001BA 0000000000000000 0000000000000002 0000000000001030
00000000000001BA 0000000000000002 0000000000000000 0000000000000068
00000000000001BB 0000000000000000 0000000000000004 0000000000000F70
00000000000001BB 0000000000000001 0000000000000F70 000000000000006D
00000000000001BB 0000000000000002 0000000000000000 0000000000000041
00000000000001BC 0000000000000002 0000000000000000 0000000000000043
00000000000001BD 0000000000000002 0000000000000000 0000000000000071
00000000000001BE 0000000000000000 0000000000000004 0000000000000F78
00000000000001BE 0000000000000002 0000000000000000 000000000000006D
00000000000001BF 0000000000000000 0000000000000004 0000000000000F80
00000000000001BF 0000000000000000 0000000000000002 0000000000001020
00000000000001BF 0000000000000002 0000000000000000 000000000000006F
00000000000001C0 0000000000000000 0000000000000004 0000000000000F88
00000000000001C0 0000000000000000 0000000000000001 0000000000001028
00000000000001C0 0000000000000002 0000000000000000 0000000000000071
00000000000001C1 0000000000000000 0000000000000004 0000000000000F90
00000000000001C1 0000000000000002 0000000000000000 000000000000005C
00000000000001C2 0000000000000000 0000000000000004 0000000000000F98
00000000000001C2 0000000000000000 0000000000000002 0000000000001020
00000000000001C2 0000000000000002 0000000000000000 000000000000005E
00000000000001C3 0000000000000000 0000000000000004 0000000000000FA0
00000000000001C3 0000000000000000 0000000000000001 0000000000001040
00000000000001C3 0000000000000002 0000000000000000 0000000000000060
00000000000001C4 0000000000000000 0000000000000004 0000000000000F98
00000000000001C4 0000000000000001 0000000000000F98 0000000000001040
00000000000001C4 0000000000000002 0000000000000000 0000000000000062
00000000000001C5 0000000000000000 0000000000000004 0000000000000F90
00000000000001C5 0000000000000001 0000000000000F90 0000000000001020
00000000000001C5 0000000000000002 0000000000000000 0000000000000064
00000000000001C6 0000000000000000 0000000000000002 0000000000001028
00000000000001C6 0000000000000002 0000000000000000 0000000000000066
00000000000001C7 0000000000000000 0000000000000002 0000000000001030
00000000000001C7 0000000000000002 0000000000000000 0000000000000068
00000000000001C8 0000000000000000 0000000000000004 0000000000000F88
00000000000001C8 0000000000000001 0000000000000F88 000000000000006D
00000000000001C8 0000000000000002 0000000000000000 0000000000000041
00000000000001C9 0000000000000002 0000000000000000 0000000000000043
00000000000001CA 0000000000000002 0000000000000000 0000000000000048
00000000000001CB 0000000000000000 0000000000000004 0000000000000F80
00000000000001CB 0000000000000001 0000000000000F80 000000000000004D
00000000000001CB 0000000000000002 0000000000000000 0000000000000072
00000000000001CC 0000000000000000 0000000000000008 000000000000BB0C
00000000000001CC 0000000000000002 0000000000000000 0000000000000078
00000000000001CD 0000000000000000 0000000000000009 0000000000001030
00000000000001CD 0000000000000002 0000000000000000 000000000000007A
00000000000001CE 0000000000000000 0000000000000009 0000000000001028
00000000000001CE 0000000000000002 0000000000000000 000000000000007C
00000000000001CF 0000000000000000 000000000000000A 0000000000001028
00000000000001CF 0000000000000002 0000000000000000 000000000000007E
00000000000001D0 0000000000000000 000000000000000A 0000000000001030
00000000000001D0 0000000000000002 0000000000000000 0000000000000080
00000000000001D1 0000000000000002 0000000000000000 0000000000000082
00000000000001D2 0000000000000002 0000000000000000 0000000000000087
00000000000001D3 0000000000000000 0000000000000005 000000000000700A
00000000000001D3 0000000000000002 0000000000000000 000000000000008D
00000000000001D4 0000000000000002 0000000000000000 000000000000008F
00000000000001D5 0000000000000002 0000000000000000 0000000000000094
00000000000001D6 0000000000000000 0000000000000009 0000000000001030
00000000000001D6 0000000000000002 0000000000000000 0000000000000096
00000000000001D7 0000000000000000 000000000000000B 000000000000700A
00000000000001D7 0000000000000002 0000000000000000 000000000000009C
00000000000001D8 0000000000000000 000000000000000E 000000000000700A
00000000000001D8 0000000000000002 0000000000000000 00000000000000A2
00000000000001D9 0000000000000001 0000000000001030 000000000000700A
00000000000001D9 0000000000000002 0000000000000000 00000000000000A8
00000000000001DA 0000000000000001 0000000000001030 000000000000700A
00000000000001DA 0000000000000002 0000000000000000 00000000000000AE
00000000000001DB 0000000000000002 0000000000000000 000000000000007E
00000000000001DC 0000000000000000 000000000000000A 0000000000001038
00000000000001DC 0000000000000002 0000000000000000 0000000000000080
00000000000001DD 0000000000000002 0000000000000000 0000000000000082
00000000000001DE 0000000000000002 0000000000000000 0000000000000087
00000000000001DF 0000000000000000 0000000000000005 0000000000009201
00000000000001DF 0000000000000002 0000000000000000 000000000000008D
00000000000001E0 0000000000000002 0000000000000000 000000000000008F
00000000000001E1 0000000000000002 0000000000000000 0000000000000094
00000000000001E2 0000000000000000 0000000000000009 0000000000001038
00000000000001E2 0000000000000002 0000000000000000 0000000000000096
00000000000001E3 0000000000000000 000000000000000B 0000000000009201
00000000000001E3 0000000000000002 0000000000000000 000000000000009C
00000000000001E4 0000000000000000 000000000000000E 0000000000009201
00000000000001E4 0000000000000002 0000000000000000 00000000000000A2
00000000000001E5 0000000000000001 0000000000001038 0000000000009201
00000000000001E5 0000000000000002 0000000000000000 00000000000000A8
00000000000001E6 0000000000000001 0000000000001038 0000000000009201
00000000000001E6 0000000000000002 0000000000000000 00000000000000AE
00000000000001E7 0000000000000002 0000000000000000 000000000000007E
00000000000001E8 0000000000000000 000000000000000A 0000000000001040
00000000000001E8 0000000000000002 0000000000000000 0000000000000080
00000000000001E9 0000000000000002 0000000000000000 0000000000000082
00000000000001EA 0000000000000002 0000000000000000 00000000000000B3
00000000000001EB 0000000000000000 0000000000000009 0000000000001040
00000000000001EB 0000000000000002 0000000000000000 00000000000000B5
00000000000001EC 0000000000000000 0000000000000005 000000000000BB0C
00000000000001EC 0000000000000002 0000000000000000 00000000000000BB
00000000000001ED 0000000000000002 0000000000000000 00000000000000BD
00000000000001EE 0000000000000002 0000000000000000 00000000000000DA
00000000000001EF 0000000000000000 0000000000000000 0000000000001040
00000000000001EF 0000000000000002 0000000000000000 00000000000000DC
00000000000001F0 0000000000000000 0000000000000004 0000000000000F88
00000000000001F0 0000000000000002 0000000000000000 000000000000004D
00000000000001F1 0000000000000000 0000000000000004 0000000000000F80
00000000000001F1 0000000000000001 0000000000000F80 0000000000001040
00000000000001F1 0000000000000002 0000000000000000 000000000000004F
00000000000001F2 0000000000000000 0000000000000004 0000000000000F78
00000000000001F2 0000000000000001 0000000000000F78 0000000000001030
00000000000001F2 0000000000000002 0000000000000000 0000000000000051
00000000000001F3 0000000000000000 0000000000000009 0000000000001040
00000000000001F3 0000000000000002 0000000000000000 0000000000000053
00000000000001F4 0000000000000000 0000000000000001 0000000000001040
00000000000001F4 0000000000000002 0000000000000000 0000000000000055
00000000000001F5 0000000000000000 0000000000000001 0000000000001038
00000000000001F5 0000000000000002 0000000000000000 0000000000000057
00000000000001F6 0000000000000000 0000000000000004 0000000000000F70
00000000000001F6 0000000000000001 0000000000000F70 000000000000005C
00000000000001F6 0000000000000002 0000000000000000 0000000000000041
00000000000001F7 0000000000000002 0000000000000000 0000000000000043
00000000000001F8 0000000000000002 0000000000000000 0000000000000048
00000000000001F9 0000000000000000 0000000000000004 0000000000000F68
00000000000001F9 0000000000000001 0000000000000F68 000000000000004D
00000000000001F9 0000000000000002 0000000000000000 0000000000000072
00000000000001FA 0000000000000000 0000000000000008 0000000000009201
00000000000001FA 0000000000000002 0000000000000000 0000000000000078
00000000000001FB 0000000000000000 0000000000000009 0000000000001030
00000000000001FB 0000000000000002 0000000000000000 000000000000007A
00000000000001FC 0000000000000000 0000000000000009 0000000000001028
00000000000001FC 0000000000000002 0000000000000000 000000000000007C
00000000000001FD 0000000000000000 000000000000000A 0000000000001028
00000000000001FD 0000000000000002 0000000000000000 000000000000007E
00000000000001FE 0000000000000000 000000000000000A 0000000000001030
00000000000001FE 0000000000000002 0000000000000000 0000000000000080
00000000000001FF 0000000000000002 0000000000000000 0000000000000082
0000000000000200 0000000000000002 0000000000000000 0000000000000087
0000000000000201 0000000000000000 0000000000000005 000000000000700A
0000000000000201 0000000000000002 0000000000000000 000000000000008D
0000000000000202 0000000000000002 0000000000000000 000000000000008F
0000000000000203 0000000000000002 0000000000000000 0000000000000094
0000000000000204 0000000000000000 0000000000000009 0000000000001030
0000000000000204 0000000000000002 0000000000000000 0000000000000096
0000000000000205 0000000000000000 000000000000000B 000000000000700A
0000000000000205 0000000000000002 0000000000000000 000000000000009C
0000000000000206 0000000000000000 000000000000000E 000000000000700A
0000000000000206 0000000000000002 0000000000000000 00000000000000A2
0000000000000207 0000000000000001 0000000000001030 000000000000700A
0000000000000207 0000000000000002 0000000000000000 00000000000000A8
0000000000000208 0000000000000001 0000000000001030 000000000000700A
0000000000000208 0000000000000002 0000000000000000 00000000000000AE
0000000000000209 0000000000000002 0000000000000000 000000000000007E
000000000000020A 0000000000000000 000000000000000A 0000000000001038
000000000000020A 0000000000000002 0000000000000000 0000000000000080
000000000000020B 0000000000000002 0000000000000000 0000000000000082
000000000000020C 0000000000000002 0000000000000000 00000000000000B3
000000000000020D 0000000000000000 0000000000000009 0000000000001038
000000000000020D 0000000000000002 0000000000000000 00000000000000B5
000000000000020E 0000000000000000 0000000000000005 0000000000009201
000000000000020E 0000000000000002 0000000000000000 00000000000000BB
000000000000020F 0000000000000002 0000000000000000 00000000000000BD
0000000000000210 0000000000000002 0000000000000000 00000000000000DA
0000000000000211 0000000000000000 0000000000000000 0000000000001038
0000000000000211 0000000000000002 0000000000000000 00000000000000DC
0000000000000212 0000000000000000 0000000000000004 0000000000000F70
0000000000000212 0000000000000002 0000000000000000 000000000000004D
0000000000000213 0000000000000000 0000000000000004 0000000000000F68
0000000000000213 0000000000000001 0000000000000F68 0000000000001038
0000000000000213 0000000000000002 0000000000000000 000000000000004F
0000000000000214 0000000000000000 0000000000000004 0000000000000F60
0000000000000214 0000000000000001 0000000000000F60 0000000000001030
0000000000000214 0000000000000002 0000000000000000 0000000000000051
0000000000000215 0000000000000000 0000000000000009 0000000000001038
0000000000000215 0000000000000002 0000000000000000 0000000000000053
0000000000000216 0000000000000000 0000000000000001 0000000000001038
0000000000000216 0000000000000002 0000000000000000 0000000000000055
0000000000000217 0000000000000000 0000000000000001 0000000000001030
0000000000000217 0000000000000002 0000000000000000 0000000000000057
0000000000000218 0000000000000000 0000000000000004 0000000000000F58
0000000000000218 0000000000000001 0000000000000F58 000000000000005C
0000000000000218 0000000000000002 0000000000000000 0000000000000041
0000000000000219 0000000000000002 0000000000000000 0000000000000043
000000000000021A 0000000000000002 0000000000000000 0000000000000071
000000000000021B 0000000000000000 0000000000000004 0000000000000F60
000000000000021B 0000000000000002 0000000000000000 000000000000005C
000000000000021C 0000000000000000 0000000000000004 0000000000000F68
000000000000021C 0000000000000000 0000000000000002 0000000000001030
000000000000021C 0000000000000002 0000000000000000 000000000000005E
000000000000021D 0000000000000000 0000000000000004 0000000000000F70
000000000000021D 0000000000000000 0000000000000001 0000000000001038
000000000000021D 0000000000000002 0000000000000000 0000000000000060
000000000000021E 0000000000000000 0000000000000004 0000000000000F68
000000000000021E 0000000000000001 0000000000000F68 0000000000001038
000000000000021E 0000000000000002 0000000000000000 0000000000000062
000000000000021F 0000000000000000 0000000000000004 0000000000000F60
000000000000021F 0000000000000001 0000000000000F60 0000000000001030
000000000000021F 0000000000000002 0000000000000000 0000000000000064
0000000000000220 0000000000000000 0000000000000002 0000000000001038
0000000000000220 0000000000000002 0000000000000000 0000000000000066
0000000000000221 0000000000000000 0000000000000002 0000000000001040
0000000000000221 0000000000000002 0000000000000000 0000000000000068
0000000000000222 0000000000000000 0000000000000004 0000000000000F58
0000000000000222 0000000000000001 0000000000000F58 000000000000006D
0000000000000222 0000000000000002 0000000000000000 0000000000000041
0000000000000223 0000000000000002 0000000000000000 0000000000000043
0000000000000224 0000000000000002 0000000000000000 0000000000000071
0000000000000225 0000000000000000 0000000000000004 0000000000000F60
0000000000000225 0000000000000002 0000000000000000 000000000000006D
0000000000000226 0000000000000000 0000000000000004 0000000000000F68
0000000000000226 0000000000000000 0000000000000002 0000000000001030
0000000000000226 0000000000000002 0000000000000000 000000000000006F
0000000000000227 0000000000000000 0000000000000004 0000000000000F70
0000000000000227 0000000000000000 0000000000000001 0000000000001038
0000000000000227 0000000000000002 0000000000000000 0000000000000071
0000000000000228 0000000000000000 0000000000000004 0000000000000F78
0000000000000228 0000000000000002 0000000000000000 000000000000005C
0000000000000229 0000000000000000 0000000000000004 0000000000000F80
0000000000000229 0000000000000000 0000000000000002 0000000000001030
0000000000000229 0000000000000002 0000000000000000 000000000000005E
000000000000022A 0000000000000000 0000000000000004 0000000000000F88
000000000000022A 0000000000000000 0000000000000001 0000000000001040
000000000000022A 0000000000000002 0000000000000000 0000000000000060
000000000000022B 0000000000000000 0000000000000004 0000000000000F80
000000000000022B 0000000000000001 0000000000000F80 0000000000001040
000000000000022B 0000000000000002 0000000000000000 0000000000000062
000000000000022C 0000000000000000 0000000000000004 0000000000000F78
000000000000022C 0000000000000001 0000000000000F78 0000000000001030
000000000000022C 0000000000000002 0000000000000000 0000000000000064
000000000000022D 0000000000000000 0000000000000002 0000000000001038
000000000000022D 0000000000000002 0000000000000000 0000000000000066
000000000000022E 0000000000000000 0000000000000002 0000000000001040
000000000000022E 0000000000000002 0000000000000000 0000000000000068
000000000000022F 0000000000000000 0000000000000004 0000000000000F70
000000000000022F 0000000000000001 0000000000000F70 000000000000006D
000000000000022F 0000000000000002 0000000000000000 0000000000000041
0000000000000230 0000000000000002 0000000000000000 0000000000000043
0000000000000231 0000000000000002 0000000000000000 0000000000000071
0000000000000232 0000000000000000 0000000000000004 0000000000000F78
0000000000000232 0000000000000002 0000000000000000 000000000000006D
0000000000000233 0000000000000000 0000000000000004 0000000000000F80
0000000000000233 0000000000000000 0000000000000002 0000000000001030
0000000000000233 0000000000000002 0000000000000000 000000000000006F
0000000000000234 0000000000000000 0000000000000004 0000000000000F88
0000000000000234 0000000000000000 0000000000000001 0000000000001040
0000000000000234 0000000000000002 0000000000000000 0000000000000071
0000000000000235 0000000000000000 0000000000000004 0000000000000F90
0000000000000235 0000000000000002 0000000000000000 000000000000006D
0000000000000236 0000000000000000 0000000000000004 0000000000000F98
0000000000000236 0000000000000000 0000000000000002 0000000000001020
0000000000000236 0000000000000002 0000000000000000 000000000000006F
0000000000000237 0000000000000000 0000000000000004 0000000000000FA0
0000000000000237 0000000000000000 0000000000000001 0000000000001040
0000000000000237 0000000000000002 0000000000000000 0000000000000071
0000000000000238 0000000000000000 0000000000000004 0000000000000FA8
0000000000000238 0000000000000002 0000000000000000 000000000000006D
0000000000000239 0000000000000000 0000000000000004 0000000000000FB0
0000000000000239 0000000000000000 0000000000000002 0000000000001018
0000000000000239 0000000000000002 0000000000000000 000000000000006F
000000000000023A 0000000000000000 0000000000000004 0000000000000FB8
000000000000023A 0000000000000000 0000000000000001 0000000000001040
000000000000023A 0000000000000002 0000000000000000 0000000000000071
000000000000023B 0000000000000000 0000000000000004 0000000000000FC0
000000000000023B 0000000000000002 0000000000000000 000000000000005C
000000000000023C 0000000000000000 0000000000000004 0000000000000FC8
000000000000023C 0000000000000000 0000000000000002 0000000000001018
000000000000023C 0000000000000002 0000000000000000 000000000000005E
000000000000023D 0000000000000000 0000000000000004 0000000000000FD0
000000000000023D 0000000000000000 0000000000000001 0000000000001050
000000000000023D 0000000000000002 0000000000000000 0000000000000060
000000000000023E 0000000000000000 0000000000000004 0000000000000FC8
000000000000023E 0000000000000001 0000000000000FC8 0000000000001050
000000000000023E 0000000000000002 0000000000000000 0000000000000062
000000000000023F 0000000000000000 0000000000000004 0000000000000FC0
000000000000023F 0000000000000001 0000000000000FC0 0000000000001018
000000000000023F 0000000000000002 0000000000000000 0000000000000064
0000000000000240 0000000000000000 0000000000000002 0000000000001038
0000000000000240 0000000000000002 0000000000000000 0000000000000066
0000000000000241 0000000000000000 0000000000000002 0000000000001040
0000000000000241 0000000000000002 0000000000000000 0000000000000068
0000000000000242 0000000000000000 0000000000000004 0000000000000FB8
0000000000000242 0000000000000001 0000000000000FB8 000000000000006D
0000000000000242 0000000000000002 0000000000000000 0000000000000041
0000000000000243 0000000000000002 0000000000000000 0000000000000043
0000000000000244 0000000000000002 0000000000000000 0000000000000048
0000000000000245 0000000000000000 0000000000000004 0000000000000FB0
0000000000000245 0000000000000001 0000000000000FB0 000000000000004D
0000000000000245 0000000000000002 0000000000000000 0000000000000072
0000000000000246 0000000000000000 0000000000000008 000000000000F7FC
0000000000000246 0000000000000002 0000000000000000 0000000000000078
0000000000000247 0000000000000000 0000000000000009 0000000000001040
0000000000000247 0000000000000002 0000000000000000 000000000000007A
0000000000000248 0000000000000000 0000000000000009 0000000000001038
0000000000000248 0000000000000002 0000000000000000 000000000000007C
0000000000000249 0000000000000000 000000000000000A 0000000000001038
0000000000000249 0000000000000002 0000000000000000 000000000000007E
000000000000024A 0000000000000000 000000000000000A 0000000000001040
000000000000024A 0000000000000002 0000000000000000 0000000000000080
000000000000024B 0000000000000002 0000000000000000 0000000000000082
000000000000024C 0000000000000002 0000000000000000 0000000000000087
000000000000024D 0000000000000000 0000000000000005 000000000000BB0C
000000000000024D 0000000000000002 0000000000000000 000000000000008D
000000000000024E 0000000000000002 0000000000000000 000000000000008F
000000000000024F 0000000000000002 0000000000000000 0000000000000094
0000000000000250 0000000000000000 0000000000000009 0000000000001040
0000000000000250 0000000000000002 0000000000000000 0000000000000096
0000000000000251 0000000000000000 000000000000000B 000000000000BB0C
0000000000000251 0000000000000002 0000000000000000 000000000000009C
0000000000000252 0000000000000000 000000000000000E 000000000000BB0C
0000000000000252 0000000000000002 0000000000000000 00000000000000A2
0000000000000253 0000000000000001 0000000000001040 000000000000BB0C
0000000000000253 0000000000000002 0000000000000000 00000000000000A8
0000000000000254 0000000000000001 0000000000001040 000000000000BB0C
0000000000000254 0000000000000002 0000000000000000 00000000000000AE
0000000000000255 0000000000000002 0000000000000000 000000000000007E
0000000000000256 0000000000000000 000000000000000A 0000000000001048
0000000000000256 0000000000000002 0000000000000000 0000000000000080
0000000000000257 0000000000000002 0000000000000000 0000000000000082
0000000000000258 0000000000000002 0000000000000000 0000000000000087
0000000000000259 0000000000000000 0000000000000005 000000000000E10B
0000000000000259 0000000000000002 0000000000000000 000000000000008D
000000000000025A 0000000000000002 0000000000000000 000000000000008F
000000000000025B 0000000000000002 0000000000000000 0000000000000094
000000000000025C 0000000000000000 0000000000000009 0000000000001048
000000000000025C 0000000000000002 0000000000000000 0000000000000096
000000000000025D 0000000000000000 000000000000000B 000000000000E10B
000000000000025D 0000000000000002 0000000000000000 000000000000009C
000000000000025E 0000000000000000 000000000000000E 000000000000E10B
000000000000025E 0000000000000002 0000000000000000 00000000000000A2
000000000000025F 0000000000000001 0000000000001048 000000000000E10B
000000000000025F 0000000000000002 0000000000000000 00000000000000A8
0000000000000260 0000000000000001 0000000000001048 000000000000E10B
0000000000000260 0000000000000002 0000000000000000 00000000000000AE
0000000000000261 0000000000000002 0000000000000000 000000000000007E
0000000000000262 0000000000000000 000000000000000A 0000000000001050
0000000000000262 0000000000000002 0000000000000000 0000000000000080
0000000000000263 0000000000000002 0000000000000000 0000000000000082
0000000000000264 0000000000000002 0000000000000000 00000000000000B3
0000000000000265 0000000000000000 0000000000000009 0000000000001050
0000000000000265 0000000000000002 0000000000000000 00000000000000B5
0000000000000266 0000000000000000 0000000000000005 000000000000F7FC
0000000000000266 0000000000000002 0000000000000000 00000000000000BB
0000000000000267 0000000000000002 0000000000000000 00000000000000BD
0000000000000268 0000000000000002 0000000000000000 00000000000000DA
0000000000000269 0000000000000000 0000000000000000 0000000000001050
0000000000000269 0000000000000002 0000000000000000 00000000000000DC
000000000000026A 0000000000000000 0000000000000004 0000000000000FB8
000000000000026A 0000000000000002 0000000000000000 000000000000004D
000000000000026B 0000000000000000 0000000000000004 0000000000000FB0
000000000000026B 0000000000000001 0000000000000FB0 0000000000001050
000000000000026B 0000000000000002 0000000000000000 000000000000004F
000000000000026C 0000000000000000 0000000000000004 0000000000000FA8
000000000000026C 0000000000000001 0000000000000FA8 0000000000001040
000000000000026C 0000000000000002 0000000000000000 0000000000000051
000000000000026D 0000000000000000 0000000000000009 0000000000001050
000000000000026D 0000000000000002 0000000000000000 0000000000000053
000000000000026E 0000000000000000 0000000000000001 0000000000001050
000000000000026E 0000000000000002 0000000000000000 0000000000000055
000000000000026F 0000000000000000 0000000000000001 0000000000001048
000000000000026F 0000000000000002 0000000000000000 0000000000000057
0000000000000270 0000000000000000 0000000000000004 0000000000000FA0
0000000000000270 0000000000000001 0000000000000FA0 000000000000005C
0000000000000270 0000000000000002 0000000000000000 0000000000000041
0000000000000271 0000000000000002 0000000000000000 0000000000000043
0000000000000272 0000000000000002 0000000000000000 0000000000000048
0000000000000273 0000000000000000 0000000000000004 0000000000000F98
0000000000000273 0000000000000001 0000000000000F98 000000000000004D
0000000000000273 0000000000000002 0000000000000000 0000000000000072
0000000000000274 0000000000000000 0000000000000008 000000000000E10B
0000000000000274 0000000000000002 0000000000000000 0000000000000078
0000000000000275 0000000000000000 0000000000000009 0000000000001040
0000000000000275 0000000000000002 0000000000000000 000000000000007A
0000000000000276 0000000000000000 0000000000000009 0000000000001038
0000000000000276 0000000000000002 0000000000000000 000000000000007C
0000000000000277 0000000000000000 000000000000000A 0000000000001038
0000000000000277 0000000000000002 0000000000000000 000000000000007E
0000000000000278 0000000000000000 000000000000000A 0000000000001040
0000000000000278 0000000000000002 0000000000000000 0000000000000080
0000000000000279 0000000000000002 0000000000000000 0000000000000082
000000000000027A 0000000000000002 0000000000000000 0000000000000087
000000000000027B 0000000000000000 0000000000000005 000000000000BB0C
000000000000027B 0000000000000002 0000000000000000 000000000000008D
000000000000027C 0000000000000002 0000000000000000 000000000000008F
000000000000027D 0000000000000002 0000000000000000 0000000000000094
000000000000027E 0000000000000000 0000000000000009 0000000000001040
000000000000027E 0000000000000002 0000000000000000 0000000000000096
000000000000027F 0000000000000000 000000000000000B 000000000000BB0C
000000000000027F 0000000000000002 0000000000000000 000000000000009C
0000000000000280 0000000000000000 000000000000000E 000000000000BB0C
0000000000000280 0000000000000002 0000000000000000 00000000000000A2
0000000000000281 0000000000000001 0000000000001040 000000000000BB0C
0000000000000281 0000000000000002 0000000000000000 00000000000000A8
0000000000000282 0000000000000001 0000000000001040 000000000000BB0C
0000000000000282 0000000000000002 0000000000000000 00000000000000AE
0000000000000283 0000000000000002 0000000000000000 000000000000007E
0000000000000284 0000000000000000 000000000000000A 0000000000001048
0000000000000284 0000000000000002 0000000000000000 0000000000000080
0000000000000285 0000000000000002 0000000000000000 0000000000000082
0000000000000286 0000000000000002 0000000000000000 00000000000000B3
0000000000000287 0000000000000000 0000000000000009 0000000000001048
0000000000000287 0000000000000002 0000000000000000 00000000000000B5
0000000000000288 0000000000000000 0000000000000005 000000000000E10B
0000000000000288 0000000000000002 0000000000000000 00000000000000BB
0000000000000289 0000000000000002 0000000000000000 00000000000000BD
000000000000028A 0000000000000002 0000000000000000 00000000000000DA
000000000000028B 0000000000000000 0000000000000000 0000000000001048
000000000000028B 0000000000000002 0000000000000000 00000000000000DC
000000000000028C 0000000000000000 0000000000000004 0000000000000FA0
000000000000028C 0000000000000002 0000000000000000 000000000000004D
000000000000028D 0000000000000000 0000000000000004 0000000000000F98
000000000000028D 0000000000000001 0000000000000F98 0000000000001048
000000000000028D 0000000000000002 0000000000000000 000000000000004F
000000000000028E 0000000000000000 0000000000000004 0000000000000F90
000000000000028E 0000000000000001 0000000000000F90 0000000000001040
000000000000028E 0000000000000002 0000000000000000 0000000000000051
000000000000028F 0000000000000000 0000000000000009 0000000000001048
000000000000028F 0000000000000002 0000000000000000 0000000000000053
0000000000000290 0000000000000000 0000000000000001 0000000000001048
0000000000000290 0000000000000002 0000000000000000 0000000000000055
0000000000000291 0000000000000000 0000000000000001 0000000000001040
0000000000000291 0000000000000002 0000000000000000 0000000000000057
0000000000000292 0000000000000000 0000000000000004 0000000000000F88
0000000000000292 0000000000000001 0000000000000F88 000000000000005C
0000000000000292 0000000000000002 0000000000000000 0000000000000041
0000000000000293 0000000000000002 0000000000000000 0000000000000043
0000000000000294 0000000000000002 0000000000000000 0000000000000071
0000000000000295 0000000000000000 0000000000000004 0000000000000F90
0000000000000295 0000000000000002 0000000000000000 000000000000005C
0000000000000296 0000000000000000 0000000000000004 0000000000000F98
0000000000000296 0000000000000000 0000000000000002 0000000000001040
0000000000000296 0000000000000002 0000000000000000 000000000000005E
0000000000000297 0000000000000000 0000000000000004 0000000000000FA0
0000000000000297 0000000000000000 0000000000000001 0000000000001048
0000000000000297 0000000000000002 0000000000000000 0000000000000060
0000000000000298 0000000000000000 0000000000000004 0000000000000F98
0000000000000298 0000000000000001 0000000000000F98 0000000000001048
0000000000000298 0000000000000002 0000000000000000 0000000000000062
0000000000000299 0000000000000000 0000000000000004 0000000000000F90
0000000000000299 0000000000000001 0000000000000F90 0000000000001040
0000000000000299 0000000000000002 0000000000000000 0000000000000064
000000000000029A 0000000000000000 0000000000000002 0000000000001048
000000000000029A 0000000000000002 0000000000000000 0000000000000066
000000000000029B 0000000000000000 0000000000000002 0000000000001050
000000000000029B 0000000000000002 0000000000000000 0000000000000068
000000000000029C 0000000000000000 0000000000000004 0000000000000F88
000000000000029C 0000000000000001 0000000000000F88 000000000000006D
000000000000029C 0000000000000002 0000000000000000 0000000000000041
000000000000029D 0000000000000002 0000000000000000 0000000000000043
000000000000029E 0000000000000002 0000000000000000 0000000000000071
000000000000029F 0000000000000000 0000000000000004 0000000000000F90
000000000000029F 0000000000000002 0000000000000000 000000000000006D
00000000000002A0 0000000000000000 0000000000000004 0000000000000F98
00000000000002A0 0000000000000000 0000000000000002 0000000000001040
00000000000002A0 0000000000000002 0000000000000000 000000000000006F
00000000000002A1 0000000000000000 0000000000000004 0000000000000FA0
00000000000002A1 0000000000000000 0000000000000001 0000000000001048
00000000000002A1 0000000000000002 0000000000000000 0000000000000071
00000000000002A2 0000000000000000 0000000000000004 0000000000000FA8
00000000000002A2 0000000000000002 0000000000000000 000000000000005C
00000000000002A3 0000000000000000 0000000000000004 0000000000000FB0
00000000000002A3 0000000000000000 0000000000000002 0000000000001040
00000000000002A3 0000000000000002 0000000000000000 000000000000005E
00000000000002A4 0000000000000000 0000000000000004 0000000000000FB8
00000000000002A4 0000000000000000 0000000000000001 0000000000001050
00000000000002A4 0000000000000002 0000000000000000 0000000000000060
00000000000002A5 0000000000000000 0000000000000004 0000000000000FB0
00000000000002A5 0000000000000001 0000000000000FB0 0000000000001050
00000000000002A5 0000000000000002 0000000000000000 0000000000000062
00000000000002A6 0000000000000000 0000000000000004 0000000000000FA8
00000000000002A6 0000000000000001 0000000000000FA8 0000000000001040
00000000000002A6 0000000000000002 0000000000000000 0000000000000064
00000000000002A7 0000000000000000 0000000000000002 0000000000001048
00000000000002A7 0000000000000002 0000000000000000 0000000000000066
00000000000002A8 0000000000000000 0000000000000002 0000000000001050
00000000000002A8 0000000000000002 0000000000000000 0000000000000068
00000000000002A9 0000000000000000 0000000000000004 0000000000000FA0
00000000000002A9 0000000000000001 0000000000000FA0 000000000000006D
00000000000002A9 0000000000000002 0000000000000000 0000000000000041
00000000000002AA 0000000000000002 0000000000000000 0000000000000043
00000000000002AB 0000000000000002 0000000000000000 0000000000000071
00000000000002AC 0000000000000000 0000000000000004 0000000000000FA8
00000000000002AC 0000000000000002 0000000000000000 000000000000006D
00000000000002AD 0000000000000000 0000000000000004 0000000000000FB0
00000000000002AD 0000000000000000 0000000000000002 0000000000001040
00000000000002AD 0000000000000002 0000000000000000 000000000000006F
00000000000002AE 0000000000000000 0000000000000004 0000000000000FB8
00000000000002AE 0000000000000000 0000000000000001 0000000000001050
00000000000002AE 0000000000000002 0000000000000000 0000000000000071
00000000000002AF 0000000000000000 0000000000000004 0000000000000FC0
00000000000002AF 0000000000000002 0000000000000000 000000000000006D
00000000000002B0 0000000000000000 0000000000000004 0000000000000FC8
00000000000002B0 0000000000000000 0000000000000002 0000000000001018
00000000000002B0 0000000000000002 0000000000000000 000000000000006F
00000000000002B1 0000000000000000 0000000000000004 0000000000000FD0
00000000000002B1 0000000000000000 0000000000000001 0000000000001050
00000000000002B1 0000000000000002 0000000000000000 0000000000000071
00000000000002B2 0000000000000000 0000000000000004 0000000000000FD8
00000000000002B2 0000000000000002 0000000000000000 000000000000006D
00000000000002B3 0000000000000000 0000000000000004 0000000000000FE0
00000000000002B3 0000000000000000 0000000000000002 0000000000001008
00000000000002B3 0000000000000002 0000000000000000 000000000000006F
00000000000002B4 0000000000000000 0000000000000004 0000000000000FE8
00000000000002B4 0000000000000000 0000000000000001 0000000000001050
00000000000002B4 0000000000000002 0000000000000000 0000000000000071
00000000000002B5 0000000000000000 0000000000000004 0000000000000FF0
00000000000002B5 0000000000000002 0000000000000000 000000000000003B
00000000000002B6 0000000000000000 0000000000000004 0000000000000FE8
00000000000002B6 0000000000000001 0000000000000FE8 0000000000000040
00000000000002B6 0000000000000002 0000000000000000 00000000000000DD
00000000000002B7 0000000000000000 0000000000000003 0000000000001008
00000000000002B7 0000000000000002 0000000000000000 00000000000000DF
00000000000002B8 0000000000000000 000000000000000D 0000000000001010
00000000000002B8 0000000000000002 0000000000000000 00000000000000E5
00000000000002B9 0000000000000000 000000000000000E 0000000000001331
00000000000002B9 0000000000000002 0000000000000000 00000000000000EB
00000000000002BA 0000000000000001 0000000000001010 0000000000001331
00000000000002BA 0000000000000002 0000000000000000 00000000000000F1
00000000000002BB 0000000000000000 0000000000000003 0000000000001010
00000000000002BB 0000000000000002 0000000000000000 00000000000000F3
00000000000002BC 0000000000000000 000000000000000D 0000000000001018
00000000000002BC 0000000000000002 0000000000000000 00000000000000F5
00000000000002BD 0000000000000002 0000000000000000 00000000000000F7
00000000000002BE 0000000000000002 0000000000000000 00000000000000E5
00000000000002BF 0000000000000000 000000000000000E 0000000000001331
00000000000002BF 0000000000000002 0000000000000000 00000000000000EB
00000000000002C0 0000000000000001 0000000000001018 0000000000001331
00000000000002C0 0000000000000002 0000000000000000 00000000000000F1
00000000000002C1 0000000000000000 0000000000000003 0000000000001018
00000000000002C1 0000000000000002 0000000000000000 00000000000000F3
00000000000002C2 0000000000000000 000000000000000D 0000000000001020
00000000000002C2 0000000000000002 0000000000000000 00000000000000F5
00000000000002C3 0000000000000002 0000000000000000 00000000000000F7
00000000000002C4 0000000000000002 0000000000000000 00000000000000E5
00000000000002C5 0000000000000000 000000000000000E 0000000000001331
00000000000002C5 0000000000000002 0000000000000000 00000000000000EB
00000000000002C6 0000000000000001 0000000000001020 0000000000001331
00000000000002C6 0000000000000002 0000000000000000 00000000000000F1
00000000000002C7 0000000000000000 0000000000000003 0000000000001020
00000000000002C7 0000000000000002 0000000000000000 00000000000000F3
00000000000002C8 0000000000000000 000000000000000D 0000000000001028
00000000000002C8 0000000000000002 0000000000000000 00000000000000F5
00000000000002C9 0000000000000002 0000000000000000 00000000000000F7
00000000000002CA 0000000000000002 0000000000000000 00000000000000E5
00000000000002CB 0000000000000000 000000000000000E 0000000000001331
00000000000002CB 0000000000000002 0000000000000000 00000000000000EB
00000000000002CC 0000000000000001 0000000000001028 0000000000001331
00000000000002CC 0000000000000002 0000000000000000 00000000000000F1
00000000000002CD 0000000000000000 0000000000000003 0000000000001028
00000000000002CD 0000000000000002 0000000000000000 00000000000000F3
00000000000002CE 0000000000000000 000000000000000D 0000000000001030
00000000000002CE 0000000000000002 0000000000000000 00000000000000F5
00000000000002CF 0000000000000002 0000000000000000 00000000000000F7
00000000000002D0 0000000000000002 0000000000000000 00000000000000E5
00000000000002D1 0000000000000000 000000000000000E 0000000000001331
00000000000002D1 0000000000000002 0000000000000000 00000000000000EB
00000000000002D2 0000000000000001 0000000000001030 0000000000001331
00000000000002D2 0000000000000002 0000000000000000 00000000000000F1
00000000000002D3 0000000000000000 0000000000000003 0000000000001030
00000000000002D3 0000000000000002 0000000000000000 00000000000000F3
00000000000002D4 0000000000000000 000000000000000D 0000000000001038
00000000000002D4 0000000000000002 0000000000000000 00000000000000F5
00000000000002D5 0000000000000002 0000000000000000 00000000000000F7
00000000000002D6 0000000000000002 0000000000000000 00000000000000E5
00000000000002D7 0000000000000000 000000000000000E 0000000000001331
00000000000002D7 0000000000000002 0000000000000000 00000000000000EB
00000000000002D8 0000000000000001 0000000000001038 0000000000001331
00000000000002D8 0000000000000002 0000000000000000 00000000000000F1
00000000000002D9 0000000000000000 0000000000000003 0000000000001038
00000000000002D9 0000000000000002 0000000000000000 00000000000000F3
00000000000002DA 0000000000000000 000000000000000D 0000000000001040
00000000000002DA 0000000000000002 0000000000000000 00000000000000F5
00000000000002DB 0000000000000002 0000000000000000 00000000000000F7
00000000000002DC 0000000000000002 0000000000000000 00000000000000E5
00000000000002DD 0000000000000000 000000000000000E 0000000000001331
00000000000002DD 0000000000000002 0000000000000000 00000000000000EB
00000000000002DE 0000000000000001 0000000000001040 0000000000001331
00000000000002DE 0000000000000002 0000000000000000 00000000000000F1
00000000000002DF 0000000000000000 0000000000000003 0000000000001040
00000000000002DF 0000000000000002 0000000000000000 00000000000000F3
00000000000002E0 0000000000000000 000000000000000D 0000000000001048
00000000000002E0 0000000000000002 0000000000000000 00000000000000F5
00000000000002E1 0000000000000002 0000000000000000 00000000000000F7
00000000000002E2 0000000000000002 0000000000000000 00000000000000E5
00000000000002E3 0000000000000000 000000000000000E 0000000000001331
00000000000002E3 0000000000000002 0000000000000000 00000000000000EB
00000000000002E4 0000000000000001 0000000000001048 0000000000001331
00000000000002E4 0000000000000002 0000000000000000 00000000000000F1
00000000000002E5 0000000000000000 0000000000000003 0000000000001048
00000000000002E5 0000000000000002 0000000000000000 00000000000000F3
00000000000002E6 0000000000000000 000000000000000D 0000000000001050
00000000000002E6 0000000000000002 0000000000000000 00000000000000F5
00000000000002E7 0000000000000002 0000000000000000 00000000000000F7
00000000000002E8 0000000000000002 0000000000000000 00000000000000E5
00000000000002E9 0000000000000000 000000000000000E 0000000000001331
00000000000002E9 0000000000000002 0000000000000000 00000000000000EB
00000000000002EA 0000000000000001 0000000000001050 0000000000001331
00000000000002EA 0000000000000002 0000000000000000 00000000000000F1
00000000000002EB 0000000000000000 0000000000000003 0000000000001050
00000000000002EB 0000000000000002 0000000000000000 00000000000000F3
00000000000002EC 0000000000000000 000000000000000D 0000000000001058
00000000000002EC 0000000000000002 0000000000000000 00000000000000F5
00000000000002ED 0000000000000002 0000000000000000 00000000000000F7
00000000000002EE 0000000000000002 0000000000000000 00000000000000E5
00000000000002EF 0000000000000000 000000000000000E 0000000000001331
00000000000002EF 0000000000000002 0000000000000000 00000000000000EB
00000000000002F0 0000000000000001 0000000000001058 0000000000001331
00000000000002F0 0000000000000002 0000000000000000 00000000000000F1
00000000000002F1 0000000000000000 0000000000000003 0000000000001058
00000000000002F1 0000000000000002 0000000000000000 00000000000000F3
00000000000002F2 0000000000000000 000000000000000D 0000000000001060
00000000000002F2 0000000000000002 0000000000000000 00000000000000F5
00000000000002F3 0000000000000002 0000000000000000 00000000000000F7
00000000000002F4 0000000000000002 0000000000000000 00000000000000FC
00000000000002F5 0000000000000000 0000000000000004 0000000000000FF0
00000000000002F5 0000000000000002 0000000000000000 0000000000000040
00000000000002F6 0000000000000000 0000000000000004 0000000000000FF8
00000000000002F6 0000000000000002 0000000000000000 0000000000000013
